Elaosed time in hyperparameter optimization: 90.2133457660675 [sec]
C: 4.0, Epsilon: 0.015625, Gamma: 0.0009765625
r2: 0.9831924534513365
RMSE: 74.26285959600843
MAE: 49.662182361929744
r2cv: 0.9612749562826924
RMSEcv: 112.7237596670441
MAEcv: 89.6703833038597
r2p: 0.9611379250872423
RMSEp: 108.75737066499848
MAEp: 85.80766263034127
