[[ 0.03448519 -0.11220555  0.86660915 ... -0.28734433  0.50408072
  -1.94019345]
 [-1.87244642  1.04999612  0.78446194 ...  0.5433995   0.58980517
  -0.94849309]
 [ 0.17627673  0.51198103  0.33495027 ...  1.05761254 -0.96361765
  -0.23261732]
 ...
 [ 0.93698658  0.8042745  -0.78677038 ...  2.30496709 -0.18200517
   0.17000385]
 [ 0.80451381  1.38701428 -1.26857589 ...  1.17987705  0.03176702
   1.02620088]
 [-0.2098639   0.0937875   0.90801157 ...  0.58877725 -1.37116411
   2.50921812]]
[[  0.         194.75274415 195.85692681 ... 206.22651029 189.29853199
  249.69077328]
 [194.75274415   0.         201.33678992 ... 221.13439925 195.45306489
  254.71207765]
 [195.85692681 201.33678992   0.         ... 173.01737706 219.84618448
  201.22759234]
 ...
 [206.22651029 221.13439925 173.01737706 ...   0.         191.60049829
  207.47512341]
 [189.29853199 195.45306489 219.84618448 ... 191.60049829   0.
  248.50222448]
 [249.69077328 254.71207765 201.22759234 ... 207.47512341 248.50222448
    0.        ]]
