[[ 0.00000000e+00  0.00000000e+00  0.00000000e+00 -1.11022302e-16
   0.00000000e+00  0.00000000e+00  0.00000000e+00  0.00000000e+00
   0.00000000e+00 -1.11022302e-16]
 [ 0.00000000e+00  0.00000000e+00  0.00000000e+00  0.00000000e+00
   0.00000000e+00  0.00000000e+00  0.00000000e+00 -1.11022302e-16
   0.00000000e+00  1.11022302e-16]
 [ 0.00000000e+00  0.00000000e+00  0.00000000e+00  0.00000000e+00
   0.00000000e+00  0.00000000e+00  0.00000000e+00  0.00000000e+00
   0.00000000e+00  0.00000000e+00]
 [-1.11022302e-16  0.00000000e+00  0.00000000e+00  0.00000000e+00
   0.00000000e+00  0.00000000e+00 -1.11022302e-16  0.00000000e+00
   0.00000000e+00  0.00000000e+00]
 [ 0.00000000e+00  0.00000000e+00  0.00000000e+00  0.00000000e+00
   0.00000000e+00  0.00000000e+00  0.00000000e+00  0.00000000e+00
   0.00000000e+00  0.00000000e+00]
 [ 0.00000000e+00  0.00000000e+00  0.00000000e+00  0.00000000e+00
   0.00000000e+00  0.00000000e+00  0.00000000e+00  0.00000000e+00
   0.00000000e+00  0.00000000e+00]
 [ 0.00000000e+00  0.00000000e+00  0.00000000e+00 -1.11022302e-16
   0.00000000e+00  0.00000000e+00  0.00000000e+00  0.00000000e+00
   0.00000000e+00  0.00000000e+00]
 [ 0.00000000e+00 -1.11022302e-16  0.00000000e+00  0.00000000e+00
   0.00000000e+00  0.00000000e+00  0.00000000e+00  0.00000000e+00
   1.11022302e-16  0.00000000e+00]
 [ 0.00000000e+00  0.00000000e+00  0.00000000e+00  0.00000000e+00
   0.00000000e+00  0.00000000e+00  0.00000000e+00  1.11022302e-16
   0.00000000e+00  0.00000000e+00]
 [-1.11022302e-16  1.11022302e-16  0.00000000e+00  0.00000000e+00
   0.00000000e+00  0.00000000e+00  0.00000000e+00  0.00000000e+00
   0.00000000e+00  0.00000000e+00]]
[[ 0.00000000e+00  0.00000000e+00  0.00000000e+00 -1.11022302e-16
  -1.11022302e-16  1.11022302e-16  0.00000000e+00  0.00000000e+00
   0.00000000e+00 -1.11022302e-16]
 [ 0.00000000e+00  0.00000000e+00 -1.11022302e-16  0.00000000e+00
  -1.11022302e-16  0.00000000e+00  0.00000000e+00  0.00000000e+00
   0.00000000e+00  0.00000000e+00]
 [ 0.00000000e+00 -1.11022302e-16  0.00000000e+00  0.00000000e+00
   0.00000000e+00  0.00000000e+00  0.00000000e+00  0.00000000e+00
   0.00000000e+00 -1.11022302e-16]
 [-1.11022302e-16  0.00000000e+00  0.00000000e+00  0.00000000e+00
   0.00000000e+00  0.00000000e+00  0.00000000e+00  0.00000000e+00
   0.00000000e+00  0.00000000e+00]
 [-1.11022302e-16 -1.11022302e-16  0.00000000e+00  0.00000000e+00
   0.00000000e+00  0.00000000e+00 -1.11022302e-16  0.00000000e+00
   0.00000000e+00  0.00000000e+00]
 [ 1.11022302e-16  0.00000000e+00  0.00000000e+00  0.00000000e+00
   0.00000000e+00  0.00000000e+00  0.00000000e+00  0.00000000e+00
   0.00000000e+00  0.00000000e+00]
 [ 0.00000000e+00  0.00000000e+00  0.00000000e+00  0.00000000e+00
  -1.11022302e-16  0.00000000e+00  0.00000000e+00  0.00000000e+00
   0.00000000e+00  0.00000000e+00]
 [ 0.00000000e+00 -1.11022302e-16  0.00000000e+00  0.00000000e+00
   0.00000000e+00  0.00000000e+00  0.00000000e+00  0.00000000e+00
   1.11022302e-16  0.00000000e+00]
 [ 0.00000000e+00  0.00000000e+00  0.00000000e+00  0.00000000e+00
   0.00000000e+00  0.00000000e+00  0.00000000e+00  1.11022302e-16
   0.00000000e+00 -1.11022302e-16]
 [-1.11022302e-16  0.00000000e+00 -1.11022302e-16  0.00000000e+00
   0.00000000e+00  0.00000000e+00  0.00000000e+00  0.00000000e+00
  -1.11022302e-16  0.00000000e+00]]
[[ 0.00000000e+00  1.11022302e-16 -5.55111512e-17 -5.55111512e-17
  -1.11022302e-16  5.55111512e-17  0.00000000e+00  5.55111512e-17
  -5.55111512e-17 -1.11022302e-16]
 [ 1.11022302e-16  0.00000000e+00 -1.11022302e-16  5.55111512e-17
  -1.11022302e-16  0.00000000e+00  0.00000000e+00 -5.55111512e-17
   0.00000000e+00  5.55111512e-17]
 [ 0.00000000e+00 -1.11022302e-16  0.00000000e+00  0.00000000e+00
  -5.55111512e-17  5.55111512e-17  0.00000000e+00  0.00000000e+00
   0.00000000e+00  0.00000000e+00]
 [-5.55111512e-17  5.55111512e-17  0.00000000e+00  0.00000000e+00
   0.00000000e+00  0.00000000e+00 -5.55111512e-17  0.00000000e+00
  -1.11022302e-16 -5.55111512e-17]
 [-1.11022302e-16 -1.11022302e-16 -5.55111512e-17  0.00000000e+00
   0.00000000e+00  5.55111512e-17 -5.55111512e-17 -5.55111512e-17
  -1.11022302e-16 -5.55111512e-17]
 [ 5.55111512e-17  0.00000000e+00  5.55111512e-17  0.00000000e+00
   5.55111512e-17  0.00000000e+00  5.55111512e-17  0.00000000e+00
   0.00000000e+00  0.00000000e+00]
 [ 0.00000000e+00  0.00000000e+00  0.00000000e+00 -5.55111512e-17
  -5.55111512e-17  5.55111512e-17  0.00000000e+00  0.00000000e+00
   0.00000000e+00  0.00000000e+00]
 [ 5.55111512e-17 -1.11022302e-16  0.00000000e+00  0.00000000e+00
  -5.55111512e-17  0.00000000e+00  0.00000000e+00  0.00000000e+00
   5.55111512e-17 -5.55111512e-17]
 [-5.55111512e-17  0.00000000e+00  0.00000000e+00 -1.11022302e-16
  -1.11022302e-16  0.00000000e+00  0.00000000e+00  5.55111512e-17
   0.00000000e+00 -1.11022302e-16]
 [-1.11022302e-16  5.55111512e-17  0.00000000e+00 -5.55111512e-17
  -5.55111512e-17  0.00000000e+00  0.00000000e+00 -5.55111512e-17
  -1.11022302e-16  0.00000000e+00]]
[[ 0.00000000e+00  5.55111512e-17 -5.55111512e-17 -5.55111512e-17
  -1.11022302e-16  2.77555756e-17  0.00000000e+00  5.55111512e-17
  -2.77555756e-17 -5.55111512e-17]
 [ 5.55111512e-17  0.00000000e+00 -1.11022302e-16  5.55111512e-17
  -1.11022302e-16  0.00000000e+00  0.00000000e+00 -5.55111512e-17
   0.00000000e+00  5.55111512e-17]
 [ 0.00000000e+00 -1.11022302e-16  0.00000000e+00  0.00000000e+00
  -5.55111512e-17  2.77555756e-17  0.00000000e+00  0.00000000e+00
  -5.55111512e-17 -5.55111512e-17]
 [-5.55111512e-17  5.55111512e-17  0.00000000e+00  0.00000000e+00
   0.00000000e+00  0.00000000e+00 -2.77555756e-17  0.00000000e+00
  -5.55111512e-17 -2.77555756e-17]
 [-1.11022302e-16 -1.11022302e-16 -5.55111512e-17  0.00000000e+00
   0.00000000e+00  5.55111512e-17 -5.55111512e-17 -5.55111512e-17
  -8.32667268e-17 -2.77555756e-17]
 [ 2.77555756e-17  0.00000000e+00  2.77555756e-17  0.00000000e+00
   5.55111512e-17  0.00000000e+00  2.77555756e-17  0.00000000e+00
   0.00000000e+00  0.00000000e+00]
 [ 0.00000000e+00  0.00000000e+00  0.00000000e+00 -2.77555756e-17
  -5.55111512e-17  2.77555756e-17  0.00000000e+00  0.00000000e+00
   0.00000000e+00  0.00000000e+00]
 [ 5.55111512e-17 -1.11022302e-16  0.00000000e+00  0.00000000e+00
  -5.55111512e-17  0.00000000e+00  0.00000000e+00  0.00000000e+00
   5.55111512e-17 -5.55111512e-17]
 [-2.77555756e-17  0.00000000e+00 -5.55111512e-17 -5.55111512e-17
  -8.32667268e-17  0.00000000e+00  0.00000000e+00  5.55111512e-17
   0.00000000e+00 -8.32667268e-17]
 [-5.55111512e-17  5.55111512e-17 -5.55111512e-17 -2.77555756e-17
  -2.77555756e-17  0.00000000e+00  0.00000000e+00 -5.55111512e-17
  -8.32667268e-17  0.00000000e+00]]
[[ 0.00000000e+00  2.77555756e-17 -1.38777878e-17 -1.38777878e-17
  -5.55111512e-17  1.38777878e-17  0.00000000e+00  2.08166817e-17
  -1.38777878e-17 -2.77555756e-17]
 [ 2.77555756e-17  0.00000000e+00 -5.55111512e-17  1.38777878e-17
  -4.85722573e-17  0.00000000e+00  0.00000000e+00 -2.77555756e-17
   0.00000000e+00  2.08166817e-17]
 [ 0.00000000e+00 -5.55111512e-17  0.00000000e+00  0.00000000e+00
  -2.77555756e-17  2.08166817e-17  0.00000000e+00  0.00000000e+00
  -2.08166817e-17 -4.16333634e-17]
 [-1.38777878e-17  1.38777878e-17  0.00000000e+00  0.00000000e+00
   0.00000000e+00  0.00000000e+00 -1.38777878e-17  0.00000000e+00
  -2.77555756e-17 -2.08166817e-17]
 [-5.55111512e-17 -4.85722573e-17 -2.77555756e-17  0.00000000e+00
   0.00000000e+00  2.77555756e-17 -1.04083409e-17 -2.08166817e-17
  -2.77555756e-17 -2.08166817e-17]
 [ 1.38777878e-17  0.00000000e+00  2.08166817e-17  0.00000000e+00
   2.77555756e-17  0.00000000e+00  2.08166817e-17  0.00000000e+00
   0.00000000e+00  0.00000000e+00]
 [ 0.00000000e+00  0.00000000e+00  0.00000000e+00 -1.38777878e-17
  -1.04083409e-17  2.08166817e-17  0.00000000e+00  0.00000000e+00
   0.00000000e+00  0.00000000e+00]
 [ 2.08166817e-17 -5.55111512e-17  0.00000000e+00  0.00000000e+00
  -2.08166817e-17  0.00000000e+00  0.00000000e+00  0.00000000e+00
   2.08166817e-17 -1.38777878e-17]
 [-1.38777878e-17  0.00000000e+00 -2.08166817e-17 -2.77555756e-17
  -2.77555756e-17  0.00000000e+00  0.00000000e+00  2.08166817e-17
   0.00000000e+00 -3.46944695e-17]
 [-2.77555756e-17  2.08166817e-17 -4.16333634e-17 -2.08166817e-17
  -2.08166817e-17  0.00000000e+00  0.00000000e+00 -1.38777878e-17
  -3.46944695e-17  0.00000000e+00]]
[[ 0.00000000e+00  3.46944695e-18 -7.58941521e-19 -7.58941521e-19
  -7.80625564e-18  1.30104261e-18  0.00000000e+00  1.73472348e-18
  -1.30104261e-18 -3.46944695e-18]
 [ 3.46944695e-18  0.00000000e+00 -7.80625564e-18  8.67361738e-19
  -5.20417043e-18  0.00000000e+00  0.00000000e+00 -3.46944695e-18
   0.00000000e+00  2.16840434e-18]
 [ 0.00000000e+00 -7.80625564e-18  0.00000000e+00  0.00000000e+00
  -1.73472348e-18  2.16840434e-18  0.00000000e+00  0.00000000e+00
  -1.51788304e-18 -6.07153217e-18]
 [-7.58941521e-19  8.67361738e-19  0.00000000e+00  0.00000000e+00
   0.00000000e+00  0.00000000e+00 -1.30104261e-18  0.00000000e+00
  -3.46944695e-18 -1.73472348e-18]
 [-7.80625564e-18 -5.20417043e-18 -1.73472348e-18  0.00000000e+00
   0.00000000e+00  3.46944695e-18 -4.33680869e-19 -1.73472348e-18
  -2.16840434e-18 -1.73472348e-18]
 [ 1.30104261e-18  0.00000000e+00  2.16840434e-18  0.00000000e+00
   3.46944695e-18  0.00000000e+00  1.08420217e-18  0.00000000e+00
   0.00000000e+00  0.00000000e+00]
 [ 0.00000000e+00  0.00000000e+00  0.00000000e+00 -1.30104261e-18
  -4.33680869e-19  1.08420217e-18  0.00000000e+00  0.00000000e+00
   0.00000000e+00  0.00000000e+00]
 [ 1.73472348e-18 -6.93889390e-18  0.00000000e+00  0.00000000e+00
  -1.73472348e-18  0.00000000e+00  0.00000000e+00  0.00000000e+00
   2.16840434e-18 -1.51788304e-18]
 [-1.30104261e-18  0.00000000e+00 -1.51788304e-18 -3.46944695e-18
  -2.16840434e-18  0.00000000e+00  0.00000000e+00  2.16840434e-18
   0.00000000e+00 -3.03576608e-18]
 [-3.46944695e-18  2.16840434e-18 -6.07153217e-18 -1.73472348e-18
  -1.73472348e-18  0.00000000e+00  0.00000000e+00 -1.51788304e-18
  -3.03576608e-18  0.00000000e+00]]
[[ 0.00000000e+00  3.38813179e-20 -1.27054942e-21 -1.16467030e-21
  -7.11507676e-20  4.23516474e-21  0.00000000e+00  7.62329653e-21
  -3.81164826e-21 -2.71050543e-20]
 [ 3.38813179e-20  0.00000000e+00 -7.79270311e-20  1.69406589e-21
  -3.21872520e-20  0.00000000e+00  0.00000000e+00 -2.54109884e-20
   0.00000000e+00  1.10114283e-20]
 [ 0.00000000e+00 -7.79270311e-20  0.00000000e+00  0.00000000e+00
  -2.96461532e-21  8.47032947e-21  0.00000000e+00  0.00000000e+00
  -5.50571416e-21 -6.77626358e-20]
 [-1.16467030e-21  1.69406589e-21  0.00000000e+00  0.00000000e+00
   0.00000000e+00  0.00000000e+00 -2.96461532e-21  0.00000000e+00
  -3.04931861e-20 -6.77626358e-21]
 [-7.11507676e-20 -3.21872520e-20 -2.96461532e-21  0.00000000e+00
   0.00000000e+00  2.54109884e-20 -4.76456033e-22 -6.77626358e-21
  -5.08219768e-21 -5.92923063e-21]
 [ 4.23516474e-21  0.00000000e+00  8.47032947e-21  0.00000000e+00
   2.54109884e-20  0.00000000e+00  3.17637355e-21  0.00000000e+00
   0.00000000e+00  0.00000000e+00]
 [ 0.00000000e+00  0.00000000e+00  0.00000000e+00 -2.96461532e-21
  -4.76456033e-22  3.17637355e-21  0.00000000e+00  0.00000000e+00
   0.00000000e+00  0.00000000e+00]
 [ 7.62329653e-21 -5.25160427e-20  0.00000000e+00  0.00000000e+00
  -6.77626358e-21  0.00000000e+00  0.00000000e+00  0.00000000e+00
   8.47032947e-21 -5.92923063e-21]
 [-3.81164826e-21  0.00000000e+00 -5.50571416e-21 -3.04931861e-20
  -5.08219768e-21  0.00000000e+00  0.00000000e+00  8.47032947e-21
   0.00000000e+00 -1.01643954e-20]
 [-2.71050543e-20  1.10114283e-20 -6.77626358e-20 -6.77626358e-21
  -5.92923063e-21  0.00000000e+00  0.00000000e+00 -5.92923063e-21
  -1.01643954e-20  0.00000000e+00]]
[[ 0.00000000e+00  1.24077092e-24 -1.71656133e-27 -1.56510004e-27
  -2.63663820e-24  1.93870456e-26  0.00000000e+00  5.81611368e-26
  -1.69636649e-26 -9.82276977e-25]
 [ 1.24077092e-24  0.00000000e+00 -3.51551760e-24  3.23117427e-27
  -5.55761974e-25  0.00000000e+00  0.00000000e+00 -8.01331218e-25
   0.00000000e+00  1.22784622e-25]
 [ 0.00000000e+00 -3.51551760e-24  0.00000000e+00  0.00000000e+00
  -5.25065819e-27  7.10858339e-26  0.00000000e+00  0.00000000e+00
  -3.39273298e-26 -5.58346913e-24]
 [-1.56510004e-27  3.23117427e-27  0.00000000e+00  0.00000000e+00
   0.00000000e+00  0.00000000e+00 -9.69352280e-27  0.00000000e+00
  -1.08567455e-24 -5.00832012e-26]
 [-2.63663820e-24 -5.55761974e-25 -5.25065819e-27  0.00000000e+00
   0.00000000e+00  6.97933642e-25 -2.27191941e-28 -4.84676140e-26
  -1.49441810e-26 -3.87740912e-26]
 [ 1.93870456e-26  0.00000000e+00  7.10858339e-26  0.00000000e+00
   6.97933642e-25  0.00000000e+00  1.09052132e-26  0.00000000e+00
   0.00000000e+00  0.00000000e+00]
 [ 0.00000000e+00  0.00000000e+00  0.00000000e+00 -9.69352280e-27
  -2.27191941e-28  1.09052132e-26  0.00000000e+00  0.00000000e+00
   0.00000000e+00  0.00000000e+00]
 [ 5.81611368e-26 -1.57681304e-24  0.00000000e+00  0.00000000e+00
  -4.84676140e-26  0.00000000e+00  0.00000000e+00  0.00000000e+00
   8.07793567e-26 -3.55429169e-26]
 [-1.69636649e-26  0.00000000e+00 -3.39273298e-26 -1.08567455e-24
  -1.49441810e-26  0.00000000e+00  0.00000000e+00  8.07793567e-26
   0.00000000e+00 -5.49299626e-26]
 [-9.82276977e-25  1.22784622e-25 -5.58346913e-24 -5.00832012e-26
  -3.87740912e-26  0.00000000e+00  0.00000000e+00 -3.55429169e-26
  -5.49299626e-26  0.00000000e+00]]
[[ 0.00000000e+00  8.42594351e-34 -1.79079218e-39 -1.33161469e-39
  -1.92592994e-33  2.17466455e-37  0.00000000e+00  1.88079096e-36
  -1.64569209e-37 -5.53704859e-34]
 [ 8.42594351e-34  0.00000000e+00 -3.51482215e-33  5.78563626e-39
  -8.42594351e-35  0.00000000e+00  0.00000000e+00 -3.55093333e-34
   0.00000000e+00  8.46355933e-36]
 [ 0.00000000e+00 -3.51482215e-33  0.00000000e+00  0.00000000e+00
  -7.71418168e-39  2.58608757e-36  0.00000000e+00  0.00000000e+00
  -6.11257062e-37 -1.81037415e-32]
 [-1.33161469e-39  5.78563626e-39  0.00000000e+00  0.00000000e+00
   0.00000000e+00  0.00000000e+00 -5.43666137e-38  0.00000000e+00
  -6.37964294e-34 -1.41059322e-36]
 [-1.92592994e-33 -8.42594351e-35 -7.71418168e-39  0.00000000e+00
   0.00000000e+00  2.70833898e-34 -2.79811277e-41 -1.31655367e-36
  -6.24481374e-38 -8.46355933e-37]
 [ 2.17466455e-37  0.00000000e+00  2.58608757e-36  0.00000000e+00
   2.70833898e-34  0.00000000e+00  6.46521893e-38  0.00000000e+00
   0.00000000e+00  0.00000000e+00]
 [ 0.00000000e+00  0.00000000e+00  0.00000000e+00 -5.43666137e-38
  -2.79811277e-41  6.46521893e-38  0.00000000e+00  0.00000000e+00
   0.00000000e+00  0.00000000e+00]
 [ 1.88079096e-36 -7.10186667e-34  0.00000000e+00  0.00000000e+00
  -1.31655367e-36  0.00000000e+00  0.00000000e+00  0.00000000e+00
   3.66754237e-36 -7.40561441e-37]
 [-1.64569209e-37  0.00000000e+00 -6.11257062e-37 -6.37964294e-34
  -6.24481374e-38  0.00000000e+00  0.00000000e+00  3.66754237e-36
   0.00000000e+00 -8.69865820e-37]
 [-5.53704859e-34  8.46355933e-36 -1.81037415e-32 -1.41059322e-36
  -8.46355933e-37  0.00000000e+00  0.00000000e+00 -7.40561441e-37
  -8.69865820e-37  0.00000000e+00]]
[[ 0.00000000e+00  1.98369256e-52 -9.02078936e-64 -4.93769523e-64
  -5.24634479e-52  1.27571813e-59  0.00000000e+00  1.00563927e-57
  -7.54540602e-60 -8.61340190e-53]
 [ 1.98369256e-52  0.00000000e+00 -1.75400184e-51  9.19170958e-63
  -1.00938303e-54  0.00000000e+00  0.00000000e+00 -3.58891746e-53
   0.00000000e+00  2.02322673e-56]
 [ 0.00000000e+00 -1.75400184e-51  0.00000000e+00  0.00000000e+00
  -8.35609962e-63  1.91171029e-57  0.00000000e+00  0.00000000e+00
  -1.05791260e-58 -8.95376178e-50]
 [-4.93769523e-64  9.19170958e-63  0.00000000e+00  0.00000000e+00
   0.00000000e+00  0.00000000e+00 -8.36217678e-61  0.00000000e+00
  -1.16150420e-52 -5.62560581e-58]
 [-5.24634479e-52 -1.00938303e-54 -8.35609962e-63  0.00000000e+00
   0.00000000e+00  2.08809743e-53 -2.20234115e-67 -4.87884398e-58
  -5.49375567e-61 -2.01625695e-58]
 [ 1.27571813e-59  0.00000000e+00  1.91171029e-57  0.00000000e+00
   2.08809743e-53  0.00000000e+00  1.16681536e-60  0.00000000e+00
   0.00000000e+00  0.00000000e+00]
 [ 0.00000000e+00  0.00000000e+00  0.00000000e+00 -8.36217678e-61
  -2.20234115e-67  1.16681536e-60  0.00000000e+00  0.00000000e+00
   0.00000000e+00  0.00000000e+00]
 [ 1.00563927e-57 -7.14520839e-53  0.00000000e+00  0.00000000e+00
  -4.87884398e-58  0.00000000e+00  0.00000000e+00  0.00000000e+00
   3.82342059e-57 -1.54330779e-58]
 [-7.54540602e-60  0.00000000e+00 -1.05791260e-58 -1.16150420e-52
  -5.49375567e-61  0.00000000e+00  0.00000000e+00  3.82342059e-57
   0.00000000e+00 -1.05791260e-58]
 [-8.61340190e-53  2.02322673e-56 -8.95376178e-50 -5.62560581e-58
  -2.01625695e-58  0.00000000e+00  0.00000000e+00 -1.54330779e-58
  -1.05791260e-58  0.00000000e+00]]
